{
 "cells": [
  {
   "cell_type": "markdown",
   "metadata": {},
   "source": [
    "# Quantum Elastic Wave Equation Solver\n",
    "#### v1.0.0\n",
    "*Authors: Malte Schade, Cyrill Bösch, Vaclav Hapla, Andreas Fichtner*\n",
    "\n",
    "[![License: GPL-3](https://img.shields.io/badge/License-GNU-yellow.svg)](https://opensource.org/license/gpl-3-0/)"
   ]
  },
  {
   "cell_type": "markdown",
   "metadata": {},
   "source": [
    "## 1. Importing Dependencies"
   ]
  },
  {
   "cell_type": "code",
   "execution_count": 1,
   "metadata": {},
   "outputs": [],
   "source": [
    "from simulation.experiment import ForwardExperiment1D\n",
    "from utility.distributions import (spike, ricker, gaussian, raised_cosine,\n",
    "                                    sinc, homogeneous, exponential, polynomial)\n"
   ]
  },
  {
   "cell_type": "markdown",
   "metadata": {},
   "source": [
    "## 3.1. Defining Simulation Parameters"
   ]
  },
  {
   "cell_type": "code",
   "execution_count": 50,
   "metadata": {},
   "outputs": [],
   "source": [
    "# Set Experiment Parameters\n",
    "import numpy as np                                 \n",
    "nx = 97\n",
    "order = 5\n",
    "parameters = {\n",
    "    'L': 10,                                        # Domain len\n",
    "    'nx': nx,                                       # Number of grid points\n",
    "    'dt': 0.000005,                                   # Time stepping\n",
    "    'nt': 200,                                       # Number of time steps\n",
    "    'order': order,                                     # Finite-difference order\n",
    "    'mu': homogeneous(3e10, nx),   # Elastic modulus distribution\n",
    "    'rho': homogeneous(2e3, nx),    # Density distribution\n",
    "    # 'mu': raised_cosine(3e10, nx+1, nx, nx, 1e10),   # Elastic modulus distribution\n",
    "    # 'rho': raised_cosine(2e3, nx, nx-1, nx, 2e3), \n",
    "    'u': gaussian(1, nx, nx//2, nx//10),                           # Initial positions\n",
    "    # 'u': spike(1, nx, nx//2),                           # Initial positions\n",
    "    'v': homogeneous(0, nx),                        # Initial velocities\n",
    "    'backend': {\n",
    "        'synthesis': 'MatrixExponential',           # Time Evolution Synthesis Method\n",
    "        'batch_size': 100,                          # Circuit Batch Size\n",
    "        'backend': 'ibm_fez',            # Cloud backend name\n",
    "        'shots': 500,                              # Number of circuit samples\n",
    "        'optimization': 3,                          # Circuit optimization level\n",
    "        'resilience': 1,                            # Circuit resilience level\n",
    "        'seed': 0,                                  # Transpilation seed\n",
    "        'local_transpilation': False,               # Local transpilation\n",
    "        'method': 'matrix_product_state',                    # Classical simulation method\n",
    "        'fake': None,                               # Fake backend model (Currently not supported)\n",
    "        }\n",
    "    }"
   ]
  },
  {
   "cell_type": "markdown",
   "metadata": {},
   "source": [
    "## 3.2. Running Simulation Experiment"
   ]
  },
  {
   "cell_type": "code",
   "execution_count": 51,
   "metadata": {},
   "outputs": [
    {
     "name": "stderr",
     "output_type": "stream",
     "text": [
      "2026-06-26 19:01:41,909 - INFO - Created experiment with time stamp: 20260626T190141.\n",
      "\n",
      "2026-06-26 19:01:41,912 - INFO - Adding solver 1: exp\n",
      "2026-06-26 19:01:41,914 - INFO - Parameters checked for validity.\n",
      "2026-06-26 19:01:41,915 - INFO - Solving for 200 time steps.\n",
      "2026-06-26 19:01:41,919 - INFO - Calculating Transformation and Hamiltonian.\n"
     ]
    },
    {
     "name": "stdout",
     "output_type": "stream",
     "text": [
      "\n",
      "GLL nodes xi: [-1.00000000e+00 -6.54653671e-01  5.70290343e-17  6.54653671e-01\n",
      "  1.00000000e+00]\n",
      "GLL weights wi: [0.1        0.54444444 0.71111111 0.54444444 0.1       ]\n",
      "D_ref:\n",
      "[[-5.        6.756502 -2.666667  1.410164 -0.5     ]\n",
      " [-1.24099   0.572822  1.745743 -0.763763  0.25901 ]\n",
      " [ 0.375    -1.336585 -0.        1.336585 -0.375   ]\n",
      " [-0.25901   0.763763 -1.745743 -0.572822  1.24099 ]\n",
      " [ 0.5      -1.410164  2.666667 -6.756502  5.      ]]\n",
      "\n",
      "D_ref column sums (should all be ~0):\n",
      "[-5.62500000e+00  5.34633831e+00 -4.44089210e-16 -5.34633831e+00\n",
      "  5.62500000e+00]\n",
      "\n",
      "D_ref row sums:\n",
      "[ 2.66453526e-15  5.72821962e-01  3.88578059e-16 -5.72821962e-01\n",
      "  8.88178420e-16]\n",
      "Assembling global matrices...\n",
      "Element mass matrix M_e : [[ 41.66666667   0.           0.           0.           0.        ]\n",
      " [  0.         226.85185185   0.           0.           0.        ]\n",
      " [  0.           0.         296.2962963    0.           0.        ]\n",
      " [  0.           0.           0.         226.85185185   0.        ]\n",
      " [  0.           0.           0.           0.          41.66666667]]\n",
      "Element stiffness matrix K_e : [[-5.04000000e+11  6.19187382e+11 -7.68000000e+10  1.29126178e+10\n",
      "  -7.20000000e+09]\n",
      " [ 6.19187382e+11 -9.40391667e+11  3.39733333e+11 -2.28666667e+10\n",
      "   1.29126178e+10]\n",
      " [-7.68000000e+10  3.39733333e+11 -6.82666667e+11  3.39733333e+11\n",
      "  -7.68000000e+10]\n",
      " [ 1.29126178e+10 -2.28666667e+10  3.39733333e+11 -9.40391667e+11\n",
      "   6.19187382e+11]\n",
      " [-7.20000000e+09  1.29126178e+10 -7.68000000e+10  6.19187382e+11\n",
      "  -5.04000000e+11]]\n",
      "Element mass matrix M_e : [[ 41.66666667   0.           0.           0.           0.        ]\n",
      " [  0.         226.85185185   0.           0.           0.        ]\n",
      " [  0.           0.         296.2962963    0.           0.        ]\n",
      " [  0.           0.           0.         226.85185185   0.        ]\n",
      " [  0.           0.           0.           0.          41.66666667]]\n",
      "Element stiffness matrix K_e : [[-5.04000000e+11  6.19187382e+11 -7.68000000e+10  1.29126178e+10\n",
      "  -7.20000000e+09]\n",
      " [ 6.19187382e+11 -9.40391667e+11  3.39733333e+11 -2.28666667e+10\n",
      "   1.29126178e+10]\n",
      " [-7.68000000e+10  3.39733333e+11 -6.82666667e+11  3.39733333e+11\n",
      "  -7.68000000e+10]\n",
      " [ 1.29126178e+10 -2.28666667e+10  3.39733333e+11 -9.40391667e+11\n",
      "   6.19187382e+11]\n",
      " [-7.20000000e+09  1.29126178e+10 -7.68000000e+10  6.19187382e+11\n",
      "  -5.04000000e+11]]\n",
      "Element mass matrix M_e : [[ 41.66666667   0.           0.           0.           0.        ]\n",
      " [  0.         226.85185185   0.           0.           0.        ]\n",
      " [  0.           0.         296.2962963    0.           0.        ]\n",
      " [  0.           0.           0.         226.85185185   0.        ]\n",
      " [  0.           0.           0.           0.          41.66666667]]\n",
      "Element stiffness matrix K_e : [[-5.04000000e+11  6.19187382e+11 -7.68000000e+10  1.29126178e+10\n",
      "  -7.20000000e+09]\n",
      " [ 6.19187382e+11 -9.40391667e+11  3.39733333e+11 -2.28666667e+10\n",
      "   1.29126178e+10]\n",
      " [-7.68000000e+10  3.39733333e+11 -6.82666667e+11  3.39733333e+11\n",
      "  -7.68000000e+10]\n",
      " [ 1.29126178e+10 -2.28666667e+10  3.39733333e+11 -9.40391667e+11\n",
      "   6.19187382e+11]\n",
      " [-7.20000000e+09  1.29126178e+10 -7.68000000e+10  6.19187382e+11\n",
      "  -5.04000000e+11]]\n",
      "Element mass matrix M_e : [[ 41.66666667   0.           0.           0.           0.        ]\n",
      " [  0.         226.85185185   0.           0.           0.        ]\n",
      " [  0.           0.         296.2962963    0.           0.        ]\n",
      " [  0.           0.           0.         226.85185185   0.        ]\n",
      " [  0.           0.           0.           0.          41.66666667]]\n",
      "Element stiffness matrix K_e : [[-5.04000000e+11  6.19187382e+11 -7.68000000e+10  1.29126178e+10\n",
      "  -7.20000000e+09]\n",
      " [ 6.19187382e+11 -9.40391667e+11  3.39733333e+11 -2.28666667e+10\n",
      "   1.29126178e+10]\n",
      " [-7.68000000e+10  3.39733333e+11 -6.82666667e+11  3.39733333e+11\n",
      "  -7.68000000e+10]\n",
      " [ 1.29126178e+10 -2.28666667e+10  3.39733333e+11 -9.40391667e+11\n",
      "   6.19187382e+11]\n",
      " [-7.20000000e+09  1.29126178e+10 -7.68000000e+10  6.19187382e+11\n",
      "  -5.04000000e+11]]\n",
      "Element mass matrix M_e : [[ 41.66666667   0.           0.           0.           0.        ]\n",
      " [  0.         226.85185185   0.           0.           0.        ]\n",
      " [  0.           0.         296.2962963    0.           0.        ]\n",
      " [  0.           0.           0.         226.85185185   0.        ]\n",
      " [  0.           0.           0.           0.          41.66666667]]\n",
      "Element stiffness matrix K_e : [[-5.04000000e+11  6.19187382e+11 -7.68000000e+10  1.29126178e+10\n",
      "  -7.20000000e+09]\n",
      " [ 6.19187382e+11 -9.40391667e+11  3.39733333e+11 -2.28666667e+10\n",
      "   1.29126178e+10]\n",
      " [-7.68000000e+10  3.39733333e+11 -6.82666667e+11  3.39733333e+11\n",
      "  -7.68000000e+10]\n",
      " [ 1.29126178e+10 -2.28666667e+10  3.39733333e+11 -9.40391667e+11\n",
      "   6.19187382e+11]\n",
      " [-7.20000000e+09  1.29126178e+10 -7.68000000e+10  6.19187382e+11\n",
      "  -5.04000000e+11]]\n",
      "Element mass matrix M_e : [[ 41.66666667   0.           0.           0.           0.        ]\n",
      " [  0.         226.85185185   0.           0.           0.        ]\n",
      " [  0.           0.         296.2962963    0.           0.        ]\n",
      " [  0.           0.           0.         226.85185185   0.        ]\n",
      " [  0.           0.           0.           0.          41.66666667]]\n",
      "Element stiffness matrix K_e : [[-5.04000000e+11  6.19187382e+11 -7.68000000e+10  1.29126178e+10\n",
      "  -7.20000000e+09]\n",
      " [ 6.19187382e+11 -9.40391667e+11  3.39733333e+11 -2.28666667e+10\n",
      "   1.29126178e+10]\n",
      " [-7.68000000e+10  3.39733333e+11 -6.82666667e+11  3.39733333e+11\n",
      "  -7.68000000e+10]\n",
      " [ 1.29126178e+10 -2.28666667e+10  3.39733333e+11 -9.40391667e+11\n",
      "   6.19187382e+11]\n",
      " [-7.20000000e+09  1.29126178e+10 -7.68000000e+10  6.19187382e+11\n",
      "  -5.04000000e+11]]\n",
      "Element mass matrix M_e : [[ 41.66666667   0.           0.           0.           0.        ]\n",
      " [  0.         226.85185185   0.           0.           0.        ]\n",
      " [  0.           0.         296.2962963    0.           0.        ]\n",
      " [  0.           0.           0.         226.85185185   0.        ]\n",
      " [  0.           0.           0.           0.          41.66666667]]\n",
      "Element stiffness matrix K_e : [[-5.04000000e+11  6.19187382e+11 -7.68000000e+10  1.29126178e+10\n",
      "  -7.20000000e+09]\n",
      " [ 6.19187382e+11 -9.40391667e+11  3.39733333e+11 -2.28666667e+10\n",
      "   1.29126178e+10]\n",
      " [-7.68000000e+10  3.39733333e+11 -6.82666667e+11  3.39733333e+11\n",
      "  -7.68000000e+10]\n",
      " [ 1.29126178e+10 -2.28666667e+10  3.39733333e+11 -9.40391667e+11\n",
      "   6.19187382e+11]\n",
      " [-7.20000000e+09  1.29126178e+10 -7.68000000e+10  6.19187382e+11\n",
      "  -5.04000000e+11]]\n",
      "Element mass matrix M_e : [[ 41.66666667   0.           0.           0.           0.        ]\n",
      " [  0.         226.85185185   0.           0.           0.        ]\n",
      " [  0.           0.         296.2962963    0.           0.        ]\n",
      " [  0.           0.           0.         226.85185185   0.        ]\n",
      " [  0.           0.           0.           0.          41.66666667]]\n",
      "Element stiffness matrix K_e : [[-5.04000000e+11  6.19187382e+11 -7.68000000e+10  1.29126178e+10\n",
      "  -7.20000000e+09]\n",
      " [ 6.19187382e+11 -9.40391667e+11  3.39733333e+11 -2.28666667e+10\n",
      "   1.29126178e+10]\n",
      " [-7.68000000e+10  3.39733333e+11 -6.82666667e+11  3.39733333e+11\n",
      "  -7.68000000e+10]\n",
      " [ 1.29126178e+10 -2.28666667e+10  3.39733333e+11 -9.40391667e+11\n",
      "   6.19187382e+11]\n",
      " [-7.20000000e+09  1.29126178e+10 -7.68000000e+10  6.19187382e+11\n",
      "  -5.04000000e+11]]\n",
      "Element mass matrix M_e : [[ 41.66666667   0.           0.           0.           0.        ]\n",
      " [  0.         226.85185185   0.           0.           0.        ]\n",
      " [  0.           0.         296.2962963    0.           0.        ]\n",
      " [  0.           0.           0.         226.85185185   0.        ]\n",
      " [  0.           0.           0.           0.          41.66666667]]\n",
      "Element stiffness matrix K_e : [[-5.04000000e+11  6.19187382e+11 -7.68000000e+10  1.29126178e+10\n",
      "  -7.20000000e+09]\n",
      " [ 6.19187382e+11 -9.40391667e+11  3.39733333e+11 -2.28666667e+10\n",
      "   1.29126178e+10]\n",
      " [-7.68000000e+10  3.39733333e+11 -6.82666667e+11  3.39733333e+11\n",
      "  -7.68000000e+10]\n",
      " [ 1.29126178e+10 -2.28666667e+10  3.39733333e+11 -9.40391667e+11\n",
      "   6.19187382e+11]\n",
      " [-7.20000000e+09  1.29126178e+10 -7.68000000e+10  6.19187382e+11\n",
      "  -5.04000000e+11]]\n",
      "Element mass matrix M_e : [[ 41.66666667   0.           0.           0.           0.        ]\n",
      " [  0.         226.85185185   0.           0.           0.        ]\n",
      " [  0.           0.         296.2962963    0.           0.        ]\n",
      " [  0.           0.           0.         226.85185185   0.        ]\n",
      " [  0.           0.           0.           0.          41.66666667]]\n",
      "Element stiffness matrix K_e : [[-5.04000000e+11  6.19187382e+11 -7.68000000e+10  1.29126178e+10\n",
      "  -7.20000000e+09]\n",
      " [ 6.19187382e+11 -9.40391667e+11  3.39733333e+11 -2.28666667e+10\n",
      "   1.29126178e+10]\n",
      " [-7.68000000e+10  3.39733333e+11 -6.82666667e+11  3.39733333e+11\n",
      "  -7.68000000e+10]\n",
      " [ 1.29126178e+10 -2.28666667e+10  3.39733333e+11 -9.40391667e+11\n",
      "   6.19187382e+11]\n",
      " [-7.20000000e+09  1.29126178e+10 -7.68000000e+10  6.19187382e+11\n",
      "  -5.04000000e+11]]\n",
      "Element mass matrix M_e : [[ 41.66666667   0.           0.           0.           0.        ]\n",
      " [  0.         226.85185185   0.           0.           0.        ]\n",
      " [  0.           0.         296.2962963    0.           0.        ]\n",
      " [  0.           0.           0.         226.85185185   0.        ]\n",
      " [  0.           0.           0.           0.          41.66666667]]\n",
      "Element stiffness matrix K_e : [[-5.04000000e+11  6.19187382e+11 -7.68000000e+10  1.29126178e+10\n",
      "  -7.20000000e+09]\n",
      " [ 6.19187382e+11 -9.40391667e+11  3.39733333e+11 -2.28666667e+10\n",
      "   1.29126178e+10]\n",
      " [-7.68000000e+10  3.39733333e+11 -6.82666667e+11  3.39733333e+11\n",
      "  -7.68000000e+10]\n",
      " [ 1.29126178e+10 -2.28666667e+10  3.39733333e+11 -9.40391667e+11\n",
      "   6.19187382e+11]\n",
      " [-7.20000000e+09  1.29126178e+10 -7.68000000e+10  6.19187382e+11\n",
      "  -5.04000000e+11]]\n",
      "Element mass matrix M_e : [[ 41.66666667   0.           0.           0.           0.        ]\n",
      " [  0.         226.85185185   0.           0.           0.        ]\n",
      " [  0.           0.         296.2962963    0.           0.        ]\n",
      " [  0.           0.           0.         226.85185185   0.        ]\n",
      " [  0.           0.           0.           0.          41.66666667]]\n",
      "Element stiffness matrix K_e : [[-5.04000000e+11  6.19187382e+11 -7.68000000e+10  1.29126178e+10\n",
      "  -7.20000000e+09]\n",
      " [ 6.19187382e+11 -9.40391667e+11  3.39733333e+11 -2.28666667e+10\n",
      "   1.29126178e+10]\n",
      " [-7.68000000e+10  3.39733333e+11 -6.82666667e+11  3.39733333e+11\n",
      "  -7.68000000e+10]\n",
      " [ 1.29126178e+10 -2.28666667e+10  3.39733333e+11 -9.40391667e+11\n",
      "   6.19187382e+11]\n",
      " [-7.20000000e+09  1.29126178e+10 -7.68000000e+10  6.19187382e+11\n",
      "  -5.04000000e+11]]\n",
      "Element mass matrix M_e : [[ 41.66666667   0.           0.           0.           0.        ]\n",
      " [  0.         226.85185185   0.           0.           0.        ]\n",
      " [  0.           0.         296.2962963    0.           0.        ]\n",
      " [  0.           0.           0.         226.85185185   0.        ]\n",
      " [  0.           0.           0.           0.          41.66666667]]\n",
      "Element stiffness matrix K_e : [[-5.04000000e+11  6.19187382e+11 -7.68000000e+10  1.29126178e+10\n",
      "  -7.20000000e+09]\n",
      " [ 6.19187382e+11 -9.40391667e+11  3.39733333e+11 -2.28666667e+10\n",
      "   1.29126178e+10]\n",
      " [-7.68000000e+10  3.39733333e+11 -6.82666667e+11  3.39733333e+11\n",
      "  -7.68000000e+10]\n",
      " [ 1.29126178e+10 -2.28666667e+10  3.39733333e+11 -9.40391667e+11\n",
      "   6.19187382e+11]\n",
      " [-7.20000000e+09  1.29126178e+10 -7.68000000e+10  6.19187382e+11\n",
      "  -5.04000000e+11]]\n",
      "Element mass matrix M_e : [[ 41.66666667   0.           0.           0.           0.        ]\n",
      " [  0.         226.85185185   0.           0.           0.        ]\n",
      " [  0.           0.         296.2962963    0.           0.        ]\n",
      " [  0.           0.           0.         226.85185185   0.        ]\n",
      " [  0.           0.           0.           0.          41.66666667]]\n",
      "Element stiffness matrix K_e : [[-5.04000000e+11  6.19187382e+11 -7.68000000e+10  1.29126178e+10\n",
      "  -7.20000000e+09]\n",
      " [ 6.19187382e+11 -9.40391667e+11  3.39733333e+11 -2.28666667e+10\n",
      "   1.29126178e+10]\n",
      " [-7.68000000e+10  3.39733333e+11 -6.82666667e+11  3.39733333e+11\n",
      "  -7.68000000e+10]\n",
      " [ 1.29126178e+10 -2.28666667e+10  3.39733333e+11 -9.40391667e+11\n",
      "   6.19187382e+11]\n",
      " [-7.20000000e+09  1.29126178e+10 -7.68000000e+10  6.19187382e+11\n",
      "  -5.04000000e+11]]\n",
      "Element mass matrix M_e : [[ 41.66666667   0.           0.           0.           0.        ]\n",
      " [  0.         226.85185185   0.           0.           0.        ]\n",
      " [  0.           0.         296.2962963    0.           0.        ]\n",
      " [  0.           0.           0.         226.85185185   0.        ]\n",
      " [  0.           0.           0.           0.          41.66666667]]\n",
      "Element stiffness matrix K_e : [[-5.04000000e+11  6.19187382e+11 -7.68000000e+10  1.29126178e+10\n",
      "  -7.20000000e+09]\n",
      " [ 6.19187382e+11 -9.40391667e+11  3.39733333e+11 -2.28666667e+10\n",
      "   1.29126178e+10]\n",
      " [-7.68000000e+10  3.39733333e+11 -6.82666667e+11  3.39733333e+11\n",
      "  -7.68000000e+10]\n",
      " [ 1.29126178e+10 -2.28666667e+10  3.39733333e+11 -9.40391667e+11\n",
      "   6.19187382e+11]\n",
      " [-7.20000000e+09  1.29126178e+10 -7.68000000e+10  6.19187382e+11\n",
      "  -5.04000000e+11]]\n",
      "Element mass matrix M_e : [[ 41.66666667   0.           0.           0.           0.        ]\n",
      " [  0.         226.85185185   0.           0.           0.        ]\n",
      " [  0.           0.         296.2962963    0.           0.        ]\n",
      " [  0.           0.           0.         226.85185185   0.        ]\n",
      " [  0.           0.           0.           0.          41.66666667]]\n",
      "Element stiffness matrix K_e : [[-5.04000000e+11  6.19187382e+11 -7.68000000e+10  1.29126178e+10\n",
      "  -7.20000000e+09]\n",
      " [ 6.19187382e+11 -9.40391667e+11  3.39733333e+11 -2.28666667e+10\n",
      "   1.29126178e+10]\n",
      " [-7.68000000e+10  3.39733333e+11 -6.82666667e+11  3.39733333e+11\n",
      "  -7.68000000e+10]\n",
      " [ 1.29126178e+10 -2.28666667e+10  3.39733333e+11 -9.40391667e+11\n",
      "   6.19187382e+11]\n",
      " [-7.20000000e+09  1.29126178e+10 -7.68000000e+10  6.19187382e+11\n",
      "  -5.04000000e+11]]\n",
      "Element mass matrix M_e : [[ 41.66666667   0.           0.           0.           0.        ]\n",
      " [  0.         226.85185185   0.           0.           0.        ]\n",
      " [  0.           0.         296.2962963    0.           0.        ]\n",
      " [  0.           0.           0.         226.85185185   0.        ]\n",
      " [  0.           0.           0.           0.          41.66666667]]\n",
      "Element stiffness matrix K_e : [[-5.04000000e+11  6.19187382e+11 -7.68000000e+10  1.29126178e+10\n",
      "  -7.20000000e+09]\n",
      " [ 6.19187382e+11 -9.40391667e+11  3.39733333e+11 -2.28666667e+10\n",
      "   1.29126178e+10]\n",
      " [-7.68000000e+10  3.39733333e+11 -6.82666667e+11  3.39733333e+11\n",
      "  -7.68000000e+10]\n",
      " [ 1.29126178e+10 -2.28666667e+10  3.39733333e+11 -9.40391667e+11\n",
      "   6.19187382e+11]\n",
      " [-7.20000000e+09  1.29126178e+10 -7.68000000e+10  6.19187382e+11\n",
      "  -5.04000000e+11]]\n",
      "Element mass matrix M_e : [[ 41.66666667   0.           0.           0.           0.        ]\n",
      " [  0.         226.85185185   0.           0.           0.        ]\n",
      " [  0.           0.         296.2962963    0.           0.        ]\n",
      " [  0.           0.           0.         226.85185185   0.        ]\n",
      " [  0.           0.           0.           0.          41.66666667]]\n",
      "Element stiffness matrix K_e : [[-5.04000000e+11  6.19187382e+11 -7.68000000e+10  1.29126178e+10\n",
      "  -7.20000000e+09]\n",
      " [ 6.19187382e+11 -9.40391667e+11  3.39733333e+11 -2.28666667e+10\n",
      "   1.29126178e+10]\n",
      " [-7.68000000e+10  3.39733333e+11 -6.82666667e+11  3.39733333e+11\n",
      "  -7.68000000e+10]\n",
      " [ 1.29126178e+10 -2.28666667e+10  3.39733333e+11 -9.40391667e+11\n",
      "   6.19187382e+11]\n",
      " [-7.20000000e+09  1.29126178e+10 -7.68000000e+10  6.19187382e+11\n",
      "  -5.04000000e+11]]\n",
      "Element mass matrix M_e : [[ 41.66666667   0.           0.           0.           0.        ]\n",
      " [  0.         226.85185185   0.           0.           0.        ]\n",
      " [  0.           0.         296.2962963    0.           0.        ]\n",
      " [  0.           0.           0.         226.85185185   0.        ]\n",
      " [  0.           0.           0.           0.          41.66666667]]\n",
      "Element stiffness matrix K_e : [[-5.04000000e+11  6.19187382e+11 -7.68000000e+10  1.29126178e+10\n",
      "  -7.20000000e+09]\n",
      " [ 6.19187382e+11 -9.40391667e+11  3.39733333e+11 -2.28666667e+10\n",
      "   1.29126178e+10]\n",
      " [-7.68000000e+10  3.39733333e+11 -6.82666667e+11  3.39733333e+11\n",
      "  -7.68000000e+10]\n",
      " [ 1.29126178e+10 -2.28666667e+10  3.39733333e+11 -9.40391667e+11\n",
      "   6.19187382e+11]\n",
      " [-7.20000000e+09  1.29126178e+10 -7.68000000e+10  6.19187382e+11\n",
      "  -5.04000000e+11]]\n",
      "Element mass matrix M_e : [[ 41.66666667   0.           0.           0.           0.        ]\n",
      " [  0.         226.85185185   0.           0.           0.        ]\n",
      " [  0.           0.         296.2962963    0.           0.        ]\n",
      " [  0.           0.           0.         226.85185185   0.        ]\n",
      " [  0.           0.           0.           0.          41.66666667]]\n",
      "Element stiffness matrix K_e : [[-5.04000000e+11  6.19187382e+11 -7.68000000e+10  1.29126178e+10\n",
      "  -7.20000000e+09]\n",
      " [ 6.19187382e+11 -9.40391667e+11  3.39733333e+11 -2.28666667e+10\n",
      "   1.29126178e+10]\n",
      " [-7.68000000e+10  3.39733333e+11 -6.82666667e+11  3.39733333e+11\n",
      "  -7.68000000e+10]\n",
      " [ 1.29126178e+10 -2.28666667e+10  3.39733333e+11 -9.40391667e+11\n",
      "   6.19187382e+11]\n",
      " [-7.20000000e+09  1.29126178e+10 -7.68000000e+10  6.19187382e+11\n",
      "  -5.04000000e+11]]\n",
      "Element mass matrix M_e : [[ 41.66666667   0.           0.           0.           0.        ]\n",
      " [  0.         226.85185185   0.           0.           0.        ]\n",
      " [  0.           0.         296.2962963    0.           0.        ]\n",
      " [  0.           0.           0.         226.85185185   0.        ]\n",
      " [  0.           0.           0.           0.          41.66666667]]\n",
      "Element stiffness matrix K_e : [[-5.04000000e+11  6.19187382e+11 -7.68000000e+10  1.29126178e+10\n",
      "  -7.20000000e+09]\n",
      " [ 6.19187382e+11 -9.40391667e+11  3.39733333e+11 -2.28666667e+10\n",
      "   1.29126178e+10]\n",
      " [-7.68000000e+10  3.39733333e+11 -6.82666667e+11  3.39733333e+11\n",
      "  -7.68000000e+10]\n",
      " [ 1.29126178e+10 -2.28666667e+10  3.39733333e+11 -9.40391667e+11\n",
      "   6.19187382e+11]\n",
      " [-7.20000000e+09  1.29126178e+10 -7.68000000e+10  6.19187382e+11\n",
      "  -5.04000000e+11]]\n",
      "Element mass matrix M_e : [[ 41.66666667   0.           0.           0.           0.        ]\n",
      " [  0.         226.85185185   0.           0.           0.        ]\n",
      " [  0.           0.         296.2962963    0.           0.        ]\n",
      " [  0.           0.           0.         226.85185185   0.        ]\n",
      " [  0.           0.           0.           0.          41.66666667]]\n",
      "Element stiffness matrix K_e : [[-5.04000000e+11  6.19187382e+11 -7.68000000e+10  1.29126178e+10\n",
      "  -7.20000000e+09]\n",
      " [ 6.19187382e+11 -9.40391667e+11  3.39733333e+11 -2.28666667e+10\n",
      "   1.29126178e+10]\n",
      " [-7.68000000e+10  3.39733333e+11 -6.82666667e+11  3.39733333e+11\n",
      "  -7.68000000e+10]\n",
      " [ 1.29126178e+10 -2.28666667e+10  3.39733333e+11 -9.40391667e+11\n",
      "   6.19187382e+11]\n",
      " [-7.20000000e+09  1.29126178e+10 -7.68000000e+10  6.19187382e+11\n",
      "  -5.04000000e+11]]\n",
      "Element mass matrix M_e : [[ 41.66666667   0.           0.           0.           0.        ]\n",
      " [  0.         226.85185185   0.           0.           0.        ]\n",
      " [  0.           0.         296.2962963    0.           0.        ]\n",
      " [  0.           0.           0.         226.85185185   0.        ]\n",
      " [  0.           0.           0.           0.          41.66666667]]\n",
      "Element stiffness matrix K_e : [[-5.04000000e+11  6.19187382e+11 -7.68000000e+10  1.29126178e+10\n",
      "  -7.20000000e+09]\n",
      " [ 6.19187382e+11 -9.40391667e+11  3.39733333e+11 -2.28666667e+10\n",
      "   1.29126178e+10]\n",
      " [-7.68000000e+10  3.39733333e+11 -6.82666667e+11  3.39733333e+11\n",
      "  -7.68000000e+10]\n",
      " [ 1.29126178e+10 -2.28666667e+10  3.39733333e+11 -9.40391667e+11\n",
      "   6.19187382e+11]\n",
      " [-7.20000000e+09  1.29126178e+10 -7.68000000e+10  6.19187382e+11\n",
      "  -5.04000000e+11]]\n",
      "Element mass matrix M_e : [[ 41.66666667   0.           0.           0.           0.        ]\n",
      " [  0.         226.85185185   0.           0.           0.        ]\n",
      " [  0.           0.         296.2962963    0.           0.        ]\n",
      " [  0.           0.           0.         226.85185185   0.        ]\n",
      " [  0.           0.           0.           0.          41.66666667]]\n",
      "Element stiffness matrix K_e : [[-5.04000000e+11  6.19187382e+11 -7.68000000e+10  1.29126178e+10\n",
      "  -7.20000000e+09]\n",
      " [ 6.19187382e+11 -9.40391667e+11  3.39733333e+11 -2.28666667e+10\n",
      "   1.29126178e+10]\n",
      " [-7.68000000e+10  3.39733333e+11 -6.82666667e+11  3.39733333e+11\n",
      "  -7.68000000e+10]\n",
      " [ 1.29126178e+10 -2.28666667e+10  3.39733333e+11 -9.40391667e+11\n",
      "   6.19187382e+11]\n",
      " [-7.20000000e+09  1.29126178e+10 -7.68000000e+10  6.19187382e+11\n",
      "  -5.04000000e+11]]\n",
      "global_idx for element 0: [0, 1, 2, 3, 4]\n",
      "global_idx for element 1: [4, 5, 6, 7, 8]\n",
      "global_idx for element 2: [8, 9, 10, 11, 12]\n",
      "K simmetric check (should be close to 0): 0.0001220703125\n",
      "Mass matrix M : (95, 95)\n",
      "Stiffness matrix K : (95, 95)\n",
      "matrix U : (95, 95)\n",
      "U.T @ U - K check (should be close to 0): 5.14984130859375e-05\n",
      "is M diagonal? True\n",
      "H matrix shape: (190, 190)\n",
      "H matrix log2 shape: [7.56985561 7.56985561]\n",
      "True\n",
      "H matrix max eigenvalue: 126958.82349794643\n",
      "✓ Hermitian: max|H - H†| = 0.000e+00\n"
     ]
    },
    {
     "data": {
